 y        pair ration sex
31.85       1      1   1
27.31       2      1   2
31.09       3      1   2
31.77       4      1   1
34.62       5      1   1
31.28       6      1   2
36.00       7      1   1
32.39       8      1   2
34.35       9      1   1
27.56      10      1   2
29.05      11      1   2
31.98      12      1   1
32.03       1      2   1
26.84       2      2   2
29.99       3      2   2
31.47       4      2   1
34.24       5      2   1
31.02       6      2   2
35.50       7      2   1
32.24       8      2   2
34.48       9      2   1
27.14      10      2   2
29.14      11      2   2
31.49      12      2   1
